1.7	3.15	6	0.525	26.25	0.5471	0.1898	0.0415
1.7	3.15	6	0.525	33.75	0.2089	0.0639	0.0217
1.7	3.15	6	0.525	41.25	0.1573	0.0423	0.0292
1.7	3.15	6	0.525	48.75	0.2823	0.0864	0.0104
1.7	3.15	6	0.525	56.25	0.2525	0.0718	0.0366
1.7	3.15	6	0.525	63.75	0.3901	0.0918	0.0588
1.7	3.15	6	0.525	71.25	0.4133	0.1123	0.0915
1.7	3.15	6	0.525	78.75	0.4715	0.1105	0.1051
1.7	3.15	6	0.525	86.25	0.7396	0.1962	0.1744
1.7	3.15	6	0.525	93.75	0.4987	0.1303	0.0713
1.7	3.15	6	0.525	101.25	0.5897	0.1652	0.1009
1.7	3.15	6	0.525	108.75	0.4834	0.1328	0.0914
1.7	3.15	6	0.525	116.25	0.4653	0.1908	0.1865
1.7	3.15	6	0.525	123.75	0.5343	0.1686	0.2524
1.7	3.15	6	0.525	138.75	0.4209	0.1939	0.054
1.7	3.15	6	0.525	146.25	0.4386	0.129	0.0618
1.7	3.15	6	0.525	153.75	0.3911	0.1018	0.0618
1.7	3.15	6	0.525	161.25	0.3389	0.0807	0.0752
1.7	3.15	6	0.525	168.75	0.2211	0.053	0.0289
1.7	3.15	6	0.525	176.25	0.2221	0.0494	0.0365
1.7	3.15	6	0.525	183.75	0.1397	0.0324	0.0144
1.7	3.15	6	0.525	191.25	0.1784	0.0353	0.0163
1.7	3.15	6	0.525	198.75	0.371	0.0797	0.0512
1.7	3.15	6	0.525	213.75	0.2974	0.0893	0.0671
1.7	3.15	6	0.525	221.25	0.2195	0.0847	0.0591
1.7	3.15	6	0.525	236.25	0.6042	0.1855	0.0866
1.7	3.15	6	0.525	243.75	0.638	0.2335	0.1522
1.7	3.15	6	0.525	251.25	0.6546	0.202	0.1838
1.7	3.15	6	0.525	258.75	0.2923	0.1198	0.0381
1.7	3.15	6	0.525	266.25	0.5128	0.163	0.0985
1.7	3.15	6	0.525	273.75	0.417	0.137	0.0392
1.7	3.15	6	0.525	281.25	0.3499	0.1078	0.0436
1.7	3.15	6	0.525	288.75	0.4327	0.1211	0.0887
1.7	3.15	6	0.525	296.25	0.568	0.1545	0.1285
1.7	3.15	6	0.525	303.75	0.5474	0.1891	0.021
1.7	3.15	6	0.525	348.75	0.2115	0.1059	0.0056
1.7	3.15	6	0.575	11.25	0.3723	0.1715	0.0095
1.7	3.15	6	0.575	18.75	0.1025	0.0836	0.0026
1.7	3.15	6	0.575	26.25	0.1476	0.0833	0.1195
1.7	3.15	6	0.575	33.75	0.4331	0.147	0.0915
1.7	3.15	6	0.575	41.25	0.3306	0.0888	0.067
1.7	3.15	6	0.575	48.75	0.2915	0.087	0.0883
1.7	3.15	6	0.575	56.25	0.3208	0.1228	0.0745
1.7	3.15	6	0.575	63.75	0.5794	0.1527	0.039
1.7	3.15	6	0.575	71.25	0.5257	0.1474	0.0682
1.7	3.15	6	0.575	78.75	0.4395	0.1016	0.0527
1.7	3.15	6	0.575	86.25	0.3199	0.0716	0.044
1.7	3.15	6	0.575	93.75	0.3641	0.0767	0.0628
1.7	3.15	6	0.575	101.25	0.4191	0.1221	0.1013
1.7	3.15	6	0.575	108.75	0.5876	0.1394	0.0652
1.7	3.15	6	0.575	116.25	0.6745	0.192	0.0697
1.7	3.15	6	0.575	123.75	0.5393	0.1722	0.0781
1.7	3.15	6	0.575	131.25	0.6659	0.1816	0.0428
1.7	3.15	6	0.575	138.75	0.5678	0.2111	0.1914
1.7	3.15	6	0.575	146.25	0.5655	0.1818	0.0677
1.7	3.15	6	0.575	153.75	0.3975	0.1159	0.0636
1.7	3.15	6	0.575	161.25	0.283	0.073	0.0561
1.7	3.15	6	0.575	168.75	0.2351	0.0586	0.0237
1.7	3.15	6	0.575	176.25	0.2566	0.0604	0.034
1.7	3.15	6	0.575	183.75	0.2402	0.055	0.0272
1.7	3.15	6	0.575	191.25	0.2642	0.0652	0.0572
1.7	3.15	6	0.575	198.75	0.348	0.0821	0.0669
1.7	3.15	6	0.575	206.25	0.3825	0.115	0.0878
1.7	3.15	6	0.575	228.75	0.3487	0.1355	0.0625
1.7	3.15	6	0.575	236.25	0.4545	0.1619	0.1022
1.7	3.15	6	0.575	243.75	0.6533	0.2436	0.1102
1.7	3.15	6	0.575	251.25	0.7366	0.261	0.1841
1.7	3.15	6	0.575	258.75	0.5584	0.1671	0.183
1.7	3.15	6	0.575	266.25	0.4449	0.2293	0.3606
1.7	3.15	6	0.575	273.75	0.3918	0.1093	0.0488
1.7	3.15	6	0.575	281.25	0.4207	0.1174	0.1554
1.7	3.15	6	0.575	288.75	0.512	0.1876	0.0666
1.7	3.15	6	0.575	296.25	0.429	0.1345	0.0905
1.7	3.15	6	0.575	303.75	0.3159	0.1223	0.168
1.7	3.15	6	0.575	311.25	0.6309	0.2243	0.0822
1.7	3.15	6	0.575	318.75	0.1231	0.0638	0.0208
1.7	3.15	6	0.575	333.75	0.1936	0.1163	0.0051
1.7	3.15	6	0.625	3.75	0.5142	0.1281	0.0654
1.7	3.15	6	0.625	11.25	0.3109	0.1628	0.0396
1.7	3.15	6	0.625	33.75	0.3633	0.1014	0.0862
1.7	3.15	6	0.625	41.25	0.4503	0.1368	0.0307
1.7	3.15	6	0.625	48.75	0.5064	0.1612	0.0892
1.7	3.15	6	0.625	56.25	0.5041	0.1705	0.1562
1.7	3.15	6	0.625	71.25	0.5049	0.1091	0.0776
1.7	3.15	6	0.625	78.75	0.6598	0.1478	0.0655
1.7	3.15	6	0.625	86.25	0.7623	0.1865	0.0914
1.7	3.15	6	0.625	93.75	0.8229	0.2203	0.098
1.7	3.15	6	0.625	101.25	0.7502	0.1861	0.0704
1.7	3.15	6	0.625	108.75	0.7128	0.1669	0.1132
1.7	3.15	6	0.625	116.25	0.4173	0.1316	0.0704
1.7	3.15	6	0.625	123.75	0.6875	0.1885	0.0832
1.7	3.15	6	0.625	131.25	0.6898	0.2033	0.0361
1.7	3.15	6	0.625	138.75	0.6784	0.1751	0.0806
1.7	3.15	6	0.625	146.25	0.7438	0.2147	0.079
1.7	3.15	6	0.625	153.75	0.6315	0.1949	0.1573
1.7	3.15	6	0.625	161.25	0.6652	0.1773	0.1147
1.7	3.15	6	0.625	168.75	0.4153	0.0841	0.0633
1.7	3.15	6	0.625	176.25	0.3552	0.1069	0.0746
1.7	3.15	6	0.625	183.75	0.2678	0.0599	0.0338
1.7	3.15	6	0.625	191.25	0.308	0.0836	0.0437
1.7	3.15	6	0.625	198.75	0.4262	0.1205	0.0912
1.7	3.15	6	0.625	206.25	0.5523	0.1876	0.0741
1.7	3.15	6	0.625	221.25	0.4475	0.148	0.1258
1.7	3.15	6	0.625	228.75	0.5621	0.243	0.2107
1.7	3.15	6	0.625	236.25	0.5947	0.1951	0.0612
1.7	3.15	6	0.625	251.25	0.4523	0.1436	0.1427
1.7	3.15	6	0.625	258.75	0.6044	0.1992	0.1037
1.7	3.15	6	0.625	266.25	0.8737	0.2171	0.22
1.7	3.15	6	0.625	273.75	0.3418	0.1261	0.1398
1.7	3.15	6	0.625	281.25	0.4623	0.1319	0.1065
1.7	3.15	6	0.625	288.75	0.4708	0.1597	0.0732
1.7	3.15	6	0.625	296.25	0.2588	0.0968	0.0747
1.7	3.15	6	0.625	303.75	0.4388	0.1443	0.1328
1.7	3.15	6	0.625	333.75	0.1077	0.0422	0.0027
1.7	3.15	6	0.625	341.25	0.4842	0.2619	0.0296
1.7	3.15	6	0.625	348.75	0.1988	0.0591	0.0598
1.7	3.15	6	0.625	356.25	0.1607	0.0465	0.0165
1.7	3.15	6	0.675	3.75	0.5036	0.1597	0.1412
1.7	3.15	6	0.675	11.25	0.462	0.1776	0.0835
1.7	3.15	6	0.675	18.75	0.1035	0.0404	0.0489
1.7	3.15	6	0.675	33.75	0.4154	0.1491	0.0723
1.7	3.15	6	0.675	41.25	0.4302	0.1423	0.0812
1.7	3.15	6	0.675	48.75	0.5612	0.1911	0.0428
1.7	3.15	6	0.675	56.25	0.5998	0.1554	0.1346
1.7	3.15	6	0.675	63.75	0.6108	0.1851	0.1374
1.7	3.15	6	0.675	71.25	0.5521	0.154	0.0224
1.7	3.15	6	0.675	78.75	0.7919	0.2023	0.1804
1.7	3.15	6	0.675	86.25	0.7929	0.1896	0.1297
1.7	3.15	6	0.675	93.75	0.7855	0.1665	0.0708
1.7	3.15	6	0.675	101.25	0.745	0.1869	0.1157
1.7	3.15	6	0.675	108.75	0.6513	0.1709	0.0594
1.7	3.15	6	0.675	116.25	0.7086	0.1965	0.2451
1.7	3.15	6	0.675	123.75	0.8676	0.231	0.0998
1.7	3.15	6	0.675	131.25	0.7446	0.1918	0.1949
1.7	3.15	6	0.675	138.75	0.5764	0.2234	0.097
1.7	3.15	6	0.675	146.25	0.591	0.1837	0.0432
1.7	3.15	6	0.675	153.75	0.7557	0.2057	0.0749
1.7	3.15	6	0.675	161.25	0.8063	0.2211	0.0858
1.7	3.15	6	0.675	168.75	0.5155	0.1183	0.0649
1.7	3.15	6	0.675	176.25	0.4192	0.1125	0.0428
1.7	3.15	6	0.675	183.75	0.2772	0.0694	0.0629
1.7	3.15	6	0.675	191.25	0.3721	0.0948	0.0642
1.7	3.15	6	0.675	198.75	0.3876	0.0928	0.0437
1.7	3.15	6	0.675	213.75	0.5107	0.155	0.0925
1.7	3.15	6	0.675	228.75	0.6828	0.202	0.1546
1.7	3.15	6	0.675	236.25	0.5958	0.2142	0.0926
1.7	3.15	6	0.675	243.75	0.759	0.259	0.0677
1.7	3.15	6	0.675	251.25	0.8103	0.3203	0.1751
1.7	3.15	6	0.675	258.75	0.6411	0.2141	0.1101
1.7	3.15	6	0.675	266.25	0.6767	0.1662	0.1021
1.7	3.15	6	0.675	273.75	0.5013	0.1743	0.1968
1.7	3.15	6	0.675	281.25	0.5842	0.192	0.0826
1.7	3.15	6	0.675	288.75	0.4587	0.1339	0.0673
1.7	3.15	6	0.675	296.25	0.5372	0.1622	0.1419
1.7	3.15	6	0.675	311.25	0.6673	0.2555	0.141
1.7	3.15	6	0.675	318.75	0.6419	0.1719	0.0578
1.7	3.15	6	0.675	326.25	0.2856	0.1361	0.0717
1.7	3.15	6	0.675	333.75	0.1414	0.047	0.0269
1.7	3.15	6	0.675	341.25	0.1627	0.0613	0.0144
1.7	3.15	6	0.675	348.75	0.1693	0.0508	0.004
1.7	3.15	6	0.675	356.25	0.2814	0.0783	0.0756
1.7	3.15	6	0.725	3.75	0.5092	0.1782	0.0132
1.7	3.15	6	0.725	11.25	0.5185	0.1232	0.0537
1.7	3.15	6	0.725	18.75	0.1926	0.0643	0.0231
1.7	3.15	6	0.725	26.25	0.1818	0.0645	0.0459
1.7	3.15	6	0.725	33.75	0.5572	0.1487	0.1274
1.7	3.15	6	0.725	41.25	0.5946	0.1857	0.053
1.7	3.15	6	0.725	48.75	0.6145	0.1972	0.1372
1.7	3.15	6	0.725	56.25	0.4719	0.154	0.0125
1.7	3.15	6	0.725	63.75	0.5702	0.1808	0.0889
1.7	3.15	6	0.725	71.25	0.6659	0.1721	0.1156
1.7	3.15	6	0.725	78.75	0.9039	0.1994	0.1644
1.7	3.15	6	0.725	86.25	0.9279	0.2243	0.2307
1.7	3.15	6	0.725	93.75	0.9459	0.2336	0.0504
1.7	3.15	6	0.725	101.25	0.9066	0.2533	0.0762
1.7	3.15	6	0.725	108.75	0.5122	0.1666	0.0841
1.7	3.15	6	0.725	116.25	0.5338	0.1618	0.0711
1.7	3.15	6	0.725	123.75	1.0049	0.3737	0.0838
1.7	3.15	6	0.725	131.25	0.9019	0.2588	0.2155
1.7	3.15	6	0.725	138.75	1.0655	0.4011	0.4276
1.7	3.15	6	0.725	146.25	1.0133	0.2651	0.3051
1.7	3.15	6	0.725	153.75	1.0503	0.3261	0.3357
1.7	3.15	6	0.725	161.25	0.947	0.2082	0.1038
1.7	3.15	6	0.725	168.75	0.6823	0.1534	0.0914
1.7	3.15	6	0.725	176.25	0.6871	0.1843	0.1407
1.7	3.15	6	0.725	183.75	0.5648	0.1242	0.0783
1.7	3.15	6	0.725	191.25	0.5703	0.1217	0.0831
1.7	3.15	6	0.725	198.75	0.6959	0.1766	0.1882
1.7	3.15	6	0.725	206.25	0.7607	0.209	0.111
1.7	3.15	6	0.725	213.75	0.6975	0.1996	0.0524
1.7	3.15	6	0.725	221.25	0.6552	0.223	0.2106
1.7	3.15	6	0.725	228.75	0.6376	0.2415	0.1472
1.7	3.15	6	0.725	236.25	0.6036	0.1617	0.0972
1.7	3.15	6	0.725	243.75	0.5217	0.1599	0.0769
1.7	3.15	6	0.725	251.25	0.7164	0.2067	0.0635
1.7	3.15	6	0.725	258.75	0.7404	0.1784	0.1149
1.7	3.15	6	0.725	266.25	0.6943	0.2159	0.0975
1.7	3.15	6	0.725	273.75	0.6563	0.1751	0.094
1.7	3.15	6	0.725	281.25	0.6438	0.2286	0.0591
1.7	3.15	6	0.725	288.75	0.486	0.1643	0.0422
1.7	3.15	6	0.725	296.25	0.5199	0.2017	0.1148
1.7	3.15	6	0.725	303.75	0.2318	0.0779	0.0567
1.7	3.15	6	0.725	311.25	0.2888	0.0884	0.0766
1.7	3.15	6	0.725	318.75	0.458	0.1632	0.1165
1.7	3.15	6	0.725	326.25	0.1822	0.0505	0.0167
1.7	3.15	6	0.725	333.75	0.3181	0.0993	0.0564
1.7	3.15	6	0.725	341.25	0.3221	0.1447	0.0859
1.7	3.15	6	0.725	348.75	0.3342	0.0986	0.0475
1.7	3.15	6	0.725	356.25	0.4123	0.128	0.0829
1.7	3.15	6	0.775	3.75	0.5296	0.135	0.1145
1.7	3.15	6	0.775	11.25	1.1068	0.3026	0.2432
1.7	3.15	6	0.775	18.75	0.3036	0.0888	0.0687
1.7	3.15	6	0.775	26.25	0.3042	0.0682	0.0402
1.7	3.15	6	0.775	33.75	0.2639	0.0732	0.0307
1.7	3.15	6	0.775	41.25	0.2223	0.0759	0.0399
1.7	3.15	6	0.775	48.75	0.2805	0.0953	0.0502
1.7	3.15	6	0.775	56.25	0.2273	0.0675	0.0369
1.7	3.15	6	0.775	71.25	0.5313	0.137	0.0662
1.7	3.15	6	0.775	78.75	1.0014	0.2505	0.1499
1.7	3.15	6	0.775	86.25	0.8836	0.1966	0.1331
1.7	3.15	6	0.775	93.75	1.0556	0.2647	0.2237
1.7	3.15	6	0.775	101.25	0.9336	0.2474	0.072
1.7	3.15	6	0.775	108.75	0.9016	0.2163	0.3346
1.7	3.15	6	0.775	116.25	1.0086	0.2735	0.2172
1.7	3.15	6	0.775	123.75	0.9163	0.2728	0.1518
1.7	3.15	6	0.775	131.25	0.9017	0.2717	0.0574
1.7	3.15	6	0.775	138.75	1.1761	0.3545	0.1439
1.7	3.15	6	0.775	146.25	1.1225	0.3166	0.1709
1.7	3.15	6	0.775	153.75	1.0478	0.3147	0.1492
1.7	3.15	6	0.775	161.25	1.1411	0.3053	0.264
1.7	3.15	6	0.775	168.75	0.6955	0.1577	0.093
1.7	3.15	6	0.775	176.25	0.879	0.1991	0.0886
1.7	3.15	6	0.775	183.75	0.6234	0.1367	0.0568
1.7	3.15	6	0.775	191.25	0.6061	0.1323	0.1103
1.7	3.15	6	0.775	198.75	0.8548	0.248	0.1557
1.7	3.15	6	0.775	206.25	0.8659	0.2168	0.0923
1.7	3.15	6	0.775	213.75	0.8268	0.2154	0.1455
1.7	3.15	6	0.775	221.25	0.8595	0.2775	0.1351
1.7	3.15	6	0.775	228.75	0.3918	0.1127	0.0643
1.7	3.15	6	0.775	243.75	0.6873	0.1974	0.1743
1.7	3.15	6	0.775	251.25	0.8894	0.2647	0.1309
1.7	3.15	6	0.775	266.25	0.7161	0.2347	0.0936
1.7	3.15	6	0.775	281.25	0.7444	0.2271	0.142
1.7	3.15	6	0.775	288.75	0.429	0.1189	0.0892
1.7	3.15	6	0.775	296.25	0.29	0.1278	0.1162
1.7	3.15	6	0.775	303.75	0.2864	0.0858	0.0327
1.7	3.15	6	0.775	311.25	0.2476	0.0618	0.0451
1.7	3.15	6	0.775	318.75	0.2819	0.0987	0.0037
1.7	3.15	6	0.775	326.25	0.2136	0.0521	0.023
1.7	3.15	6	0.775	333.75	0.3389	0.0855	0.056
1.7	3.15	6	0.775	341.25	0.4378	0.1447	0.0519
1.7	3.15	6	0.775	348.75	0.4327	0.1092	0.0281
1.7	3.15	6	0.775	356.25	0.5199	0.1149	0.0767
1.7	3.15	6	0.825	3.75	0.6421	0.1495	0.1235
1.7	3.15	6	0.825	11.25	0.6821	0.1533	0.0487
1.7	3.15	6	0.825	18.75	0.297	0.0613	0.0391
1.7	3.15	6	0.825	26.25	0.4832	0.1316	0.078
1.7	3.15	6	0.825	33.75	0.8043	0.2252	0.166
1.7	3.15	6	0.825	41.25	0.7728	0.1949	0.0966
1.7	3.15	6	0.825	48.75	0.5207	0.125	0.0585
1.7	3.15	6	0.825	56.25	0.5099	0.1769	0.0956
1.7	3.15	6	0.825	63.75	0.5028	0.1918	0.0808
1.7	3.15	6	0.825	71.25	0.5732	0.145	0.0586
1.7	3.15	6	0.825	78.75	1.0312	0.2334	0.1858
1.7	3.15	6	0.825	86.25	1.0162	0.214	0.1035
1.7	3.15	6	0.825	93.75	1.0546	0.2707	0.0688
1.7	3.15	6	0.825	101.25	1.0879	0.2244	0.1721
1.7	3.15	6	0.825	108.75	0.9082	0.2148	0.1236
1.7	3.15	6	0.825	123.75	0.9682	0.2563	0.0892
1.7	3.15	6	0.825	131.25	1.0045	0.2191	0.1887
1.7	3.15	6	0.825	138.75	1.0478	0.2229	0.1633
1.7	3.15	6	0.825	146.25	1.2005	0.338	0.2024
1.7	3.15	6	0.825	153.75	0.9655	0.202	0.0905
1.7	3.15	6	0.825	161.25	1.0064	0.249	0.1466
1.7	3.15	6	0.825	168.75	0.7105	0.1728	0.0961
1.7	3.15	6	0.825	176.25	0.7958	0.2174	0.1011
1.7	3.15	6	0.825	183.75	0.8373	0.2188	0.1192
1.7	3.15	6	0.825	191.25	0.7234	0.1804	0.0845
1.7	3.15	6	0.825	198.75	0.8674	0.2101	0.1599
1.7	3.15	6	0.825	206.25	0.7897	0.1824	0.0661
1.7	3.15	6	0.825	213.75	0.9401	0.2033	0.1154
1.7	3.15	6	0.825	221.25	0.8597	0.2274	0.127
1.7	3.15	6	0.825	228.75	0.494	0.1436	0.0638
1.7	3.15	6	0.825	243.75	0.6115	0.1325	0.1401
1.7	3.15	6	0.825	251.25	0.6302	0.1889	0.0994
1.7	3.15	6	0.825	258.75	0.9459	0.2237	0.1521
1.7	3.15	6	0.825	266.25	0.9543	0.2271	0.2041
1.7	3.15	6	0.825	273.75	0.8755	0.2274	0.1863
1.7	3.15	6	0.825	281.25	0.8405	0.2687	0.0952
1.7	3.15	6	0.825	288.75	0.4751	0.1847	0.1029
1.7	3.15	6	0.825	296.25	0.5553	0.1854	0.0658
1.7	3.15	6	0.825	303.75	0.2162	0.053	0.0428
1.7	3.15	6	0.825	311.25	0.3518	0.09	0.0416
1.7	3.15	6	0.825	318.75	0.2006	0.0459	0.037
1.7	3.15	6	0.825	326.25	0.1902	0.0485	0.0376
1.7	3.15	6	0.825	333.75	0.4374	0.1406	0.08
1.7	3.15	6	0.825	341.25	0.4077	0.1007	0.0511
1.7	3.15	6	0.825	348.75	0.5985	0.1486	0.124
1.7	3.15	6	0.825	356.25	0.5986	0.1234	0.0225
1.7	3.15	6	0.875	3.75	0.7906	0.1427	0.0883
1.7	3.15	6	0.875	11.25	0.7257	0.165	0.0732
1.7	3.15	6	0.875	18.75	0.4267	0.0976	0.0509
1.7	3.15	6	0.875	26.25	0.4832	0.1104	0.0985
1.7	3.15	6	0.875	33.75	0.6631	0.1359	0.1041
1.7	3.15	6	0.875	41.25	0.6462	0.1316	0.0779
1.7	3.15	6	0.875	48.75	0.4569	0.1081	0.0677
1.7	3.15	6	0.875	56.25	0.4999	0.1257	0.1112
1.7	3.15	6	0.875	63.75	0.4447	0.107	0.0844
1.7	3.15	6	0.875	71.25	0.4852	0.1089	0.0533
1.7	3.15	6	0.875	78.75	0.8595	0.1782	0.1955
1.7	3.15	6	0.875	86.25	0.8841	0.2166	0.122
1.7	3.15	6	0.875	101.25	0.9052	0.2193	0.1393
1.7	3.15	6	0.875	108.75	0.7447	0.1471	0.0822
1.7	3.15	6	0.875	116.25	0.7126	0.1891	0.1034
1.7	3.15	6	0.875	123.75	0.838	0.169	0.0819
1.7	3.15	6	0.875	131.25	0.8449	0.1687	0.1646
1.7	3.15	6	0.875	138.75	0.9404	0.2228	0.1329
1.7	3.15	6	0.875	146.25	0.9606	0.2406	0.1232
1.7	3.15	6	0.875	153.75	0.9204	0.195	0.1946
1.7	3.15	6	0.875	161.25	0.9483	0.2859	0.1235
1.7	3.15	6	0.875	168.75	0.6081	0.1333	0.0576
1.7	3.15	6	0.875	176.25	0.5979	0.1375	0.1011
1.7	3.15	6	0.875	183.75	0.5611	0.1095	0.0713
1.7	3.15	6	0.875	191.25	0.5942	0.1371	0.0722
1.7	3.15	6	0.875	198.75	0.6793	0.1395	0.0882
1.7	3.15	6	0.875	206.25	0.6778	0.178	0.0758
1.7	3.15	6	0.875	213.75	1.0588	0.278	0.1391
1.7	3.15	6	0.875	221.25	0.6662	0.173	0.0937
1.7	3.15	6	0.875	228.75	0.6777	0.1665	0.1376
1.7	3.15	6	0.875	236.25	0.7352	0.1601	0.1042
1.7	3.15	6	0.875	243.75	0.5436	0.131	0.0455
1.7	3.15	6	0.875	251.25	0.5454	0.1431	0.1046
1.7	3.15	6	0.875	258.75	0.7229	0.1827	0.1663
1.7	3.15	6	0.875	266.25	0.7486	0.1835	0.0515
1.7	3.15	6	0.875	273.75	0.5525	0.1298	0.0798
1.7	3.15	6	0.875	288.75	0.5528	0.1535	0.0494
1.7	3.15	6	0.875	296.25	0.5737	0.1461	0.0344
1.7	3.15	6	0.875	303.75	0.621	0.1774	0.1068
1.7	3.15	6	0.875	311.25	0.5118	0.1144	0.0475
1.7	3.15	6	0.875	318.75	0.4957	0.1391	0.043
1.7	3.15	6	0.875	326.25	0.3808	0.0784	0.0735
1.7	3.15	6	0.875	333.75	0.5151	0.1133	0.0723
1.7	3.15	6	0.875	341.25	0.4756	0.1275	0.0872
1.7	3.15	6	0.875	348.75	0.6275	0.128	0.0973
1.7	3.15	6	0.875	356.25	0.6326	0.1208	0.0784
1.7	3.15	6	0.925	3.75	0.5584	0.1496	0.0762
1.7	3.15	6	0.925	11.25	0.5644	0.1743	0.102
1.7	3.15	6	0.925	18.75	0.5354	0.1555	0.062
1.7	3.15	6	0.925	26.25	0.2974	0.1217	0.0294
1.7	3.15	6	0.925	33.75	0.7212	0.2276	0.1527
1.7	3.15	6	0.925	41.25	0.33	0.1077	0.0422
1.7	3.15	6	0.925	48.75	0.411	0.163	0.0402
1.7	3.15	6	0.925	56.25	0.2077	0.1049	0.0234
1.7	3.15	6	0.925	63.75	0.3365	0.1081	0.0409
1.7	3.15	6	0.925	71.25	0.2646	0.0911	0.0249
1.7	3.15	6	0.925	78.75	0.2347	0.0832	0.0437
1.7	3.15	6	0.925	86.25	0.3636	0.1142	0.0738
1.7	3.15	6	0.925	93.75	0.4399	0.1463	0.0743
1.7	3.15	6	0.925	101.25	0.4726	0.1571	0.0844
1.7	3.15	6	0.925	108.75	0.2983	0.1052	0.0236
1.7	3.15	6	0.925	116.25	0.2671	0.115	0.0407
1.7	3.15	6	0.925	123.75	0.4119	0.1473	0.1114
1.7	3.15	6	0.925	131.25	0.4207	0.1544	0.097
1.7	3.15	6	0.925	138.75	0.534	0.1697	0.1202
1.7	3.15	6	0.925	146.25	0.3909	0.1283	0.0486
1.7	3.15	6	0.925	153.75	0.5223	0.1832	0.0634
1.7	3.15	6	0.925	161.25	0.2906	0.0895	0.0317
1.7	3.15	6	0.925	168.75	0.3785	0.1274	0.0589
1.7	3.15	6	0.925	176.25	0.3509	0.1192	0.0562
1.7	3.15	6	0.925	183.75	0.6617	0.1957	0.1094
1.7	3.15	6	0.925	191.25	0.3674	0.1298	0.0965
1.7	3.15	6	0.925	198.75	0.2979	0.1212	0.0325
1.7	3.15	6	0.925	206.25	0.4229	0.1342	0.0552
1.7	3.15	6	0.925	213.75	0.4819	0.1675	0.1239
1.7	3.15	6	0.925	221.25	0.4178	0.1365	0.0477
1.7	3.15	6	0.925	228.75	0.5692	0.2036	0.0893
1.7	3.15	6	0.925	236.25	0.3374	0.1127	0.0421
1.7	3.15	6	0.925	243.75	0.7726	0.278	0.1606
1.7	3.15	6	0.925	251.25	0.2507	0.0862	0.047
1.7	3.15	6	0.925	258.75	0.2335	0.0869	0.0275
1.7	3.15	6	0.925	266.25	0.6828	0.2373	0.1101
1.7	3.15	6	0.925	273.75	0.3193	0.0965	0.0472
1.7	3.15	6	0.925	281.25	1.2464	0.4636	0.107
1.7	3.15	6	0.925	288.75	0.4469	0.1657	0.0401
1.7	3.15	6	0.925	296.25	0.9234	0.3857	0.1145
1.7	3.15	6	0.925	303.75	0.8056	0.3502	0.1778
1.7	3.15	6	0.925	311.25	0.3985	0.1342	0.0684
1.7	3.15	6	0.925	318.75	0.35	0.106	0.042
1.7	3.15	6	0.925	326.25	0.4882	0.1538	0.0912
1.7	3.15	6	0.925	333.75	0.3327	0.1202	0.0455
1.7	3.15	6	0.925	341.25	0.3624	0.1105	0.055
1.7	3.15	6	0.925	348.75	0.3572	0.1145	0.0428
1.7	3.15	6	0.925	356.25	0.6592	0.1949	0.0967
1.7	3.15	6	0.975	3.75	0.9594	0.2609	0.1305
1.7	3.15	6	0.975	11.25	0.7089	0.2175	0.0814
1.7	3.15	6	0.975	18.75	0.7333	0.2187	0.1189
1.7	3.15	6	0.975	26.25	0.4176	0.122	0.0655
1.7	3.15	6	0.975	33.75	0.6251	0.1881	0.1809
1.7	3.15	6	0.975	41.25	0.4463	0.1353	0.1444
1.7	3.15	6	0.975	48.75	0.5722	0.2081	0.105
1.7	3.15	6	0.975	56.25	0.6017	0.2021	0.0561
1.7	3.15	6	0.975	63.75	0.6001	0.1878	0.0939
1.7	3.15	6	0.975	71.25	0.5861	0.1676	0.0878
1.7	3.15	6	0.975	78.75	0.5285	0.1539	0.1134
1.7	3.15	6	0.975	86.25	0.7761	0.226	0.1505
1.7	3.15	6	0.975	93.75	0.7972	0.2266	0.0702
1.7	3.15	6	0.975	101.25	0.8269	0.2414	0.1643
1.7	3.15	6	0.975	108.75	0.7751	0.218	0.1381
1.7	3.15	6	0.975	116.25	0.7219	0.2073	0.1572
1.7	3.15	6	0.975	123.75	0.6056	0.1694	0.0843
1.7	3.15	6	0.975	131.25	0.4678	0.1429	0.1087
1.7	3.15	6	0.975	138.75	0.5489	0.1666	0.0625
1.7	3.15	6	0.975	146.25	0.6807	0.2135	0.0871
1.7	3.15	6	0.975	153.75	0.3871	0.1161	0.1498
1.7	3.15	6	0.975	161.25	0.5496	0.1553	0.0731
1.7	3.15	6	0.975	168.75	0.8541	0.2756	0.1188
1.7	3.15	6	0.975	176.25	0.3814	0.129	0.0796
1.7	3.15	6	0.975	183.75	0.7333	0.2207	0.1577
1.7	3.15	6	0.975	191.25	0.4746	0.1654	0.0766
1.7	3.15	6	0.975	198.75	0.8799	0.2357	0.1418
1.7	3.15	6	0.975	206.25	0.4803	0.1357	0.1877
1.7	3.15	6	0.975	213.75	0.7194	0.2008	0.157
1.7	3.15	6	0.975	221.25	1.0594	0.3453	0.5447
1.7	3.15	6	0.975	228.75	0.5338	0.1492	0.0987
1.7	3.15	6	0.975	236.25	0.6493	0.18	0.086
1.7	3.15	6	0.975	243.75	0.482	0.1365	0.0679
1.7	3.15	6	0.975	251.25	0.9639	0.3001	0.643
1.7	3.15	6	0.975	258.75	0.5422	0.1472	0.1107
1.7	3.15	6	0.975	266.25	0.5004	0.1292	0.1018
1.7	3.15	6	0.975	273.75	0.6202	0.1973	0.1164
1.7	3.15	6	0.975	281.25	0.568	0.1604	0.1027
1.7	3.15	6	0.975	288.75	0.4598	0.1371	0.0791
1.7	3.15	6	0.975	296.25	0.6087	0.1854	0.2887
1.7	3.15	6	0.975	303.75	0.6306	0.1926	0.0888
1.7	3.15	6	0.975	311.25	0.7608	0.2442	0.2175
1.7	3.15	6	0.975	318.75	0.9734	0.3278	0.126
1.7	3.15	6	0.975	326.25	0.6797	0.1934	0.121
1.7	3.15	6	0.975	333.75	0.7258	0.2067	0.1734
1.7	3.15	6	0.975	341.25	0.5251	0.168	0.0876
1.7	3.15	6	0.975	348.75	0.7833	0.2382	0.1556
1.7	3.15	6	0.975	356.25	0.5824	0.166	0.1154
