1.95	1.8	6	0.525	41.25	0.1109	0.0241	0.0133
1.95	1.8	6	0.525	48.75	0.1935	0.0405	0.0133
1.95	1.8	6	0.525	56.25	0.1686	0.0462	0.0157
1.95	1.8	6	0.525	63.75	0.4114	0.0857	0.0613
1.95	1.8	6	0.525	71.25	0.4992	0.0967	0.0934
1.95	1.8	6	0.525	78.75	0.4354	0.0802	0.0473
1.95	1.8	6	0.525	86.25	0.3482	0.084	0.0324
1.95	1.8	6	0.525	93.75	0.2924	0.0831	0.0333
1.95	1.8	6	0.525	101.25	0.3552	0.0848	0.0544
1.95	1.8	6	0.525	108.75	0.3479	0.0841	0.0465
1.95	1.8	6	0.525	116.25	0.4403	0.1501	0.0955
1.95	1.8	6	0.525	123.75	0.686	0.2114	0.2645
1.95	1.8	6	0.525	131.25	0.4175	0.1557	0.079
1.95	1.8	6	0.525	138.75	0.524	0.1505	0.1406
1.95	1.8	6	0.525	146.25	0.4801	0.128	0.088
1.95	1.8	6	0.525	153.75	0.5644	0.1516	0.0689
1.95	1.8	6	0.525	161.25	0.4181	0.0869	0.0471
1.95	1.8	6	0.525	168.75	0.2951	0.057	0.0373
1.95	1.8	6	0.525	176.25	0.3342	0.0711	0.0515
1.95	1.8	6	0.525	183.75	0.3345	0.0666	0.0403
1.95	1.8	6	0.525	191.25	0.3167	0.061	0.0582
1.95	1.8	6	0.525	198.75	0.342	0.0722	0.0596
1.95	1.8	6	0.525	206.25	0.4361	0.1198	0.0726
1.95	1.8	6	0.525	213.75	0.3675	0.0961	0.1013
1.95	1.8	6	0.525	221.25	0.32	0.087	0.0444
1.95	1.8	6	0.525	228.75	0.7357	0.2346	0.0988
1.95	1.8	6	0.525	236.25	0.5765	0.18	0.1362
1.95	1.8	6	0.525	243.75	0.3886	0.1469	0.0522
1.95	1.8	6	0.525	251.25	0.5028	0.1481	0.1356
1.95	1.8	6	0.525	258.75	0.6296	0.2246	0.1861
1.95	1.8	6	0.525	266.25	0.5736	0.1733	0.0783
1.95	1.8	6	0.525	273.75	0.6102	0.1618	0.094
1.95	1.8	6	0.525	281.25	0.6262	0.1503	0.0887
1.95	1.8	6	0.525	288.75	0.5226	0.1188	0.0565
1.95	1.8	6	0.525	296.25	0.4944	0.1141	0.0262
1.95	1.8	6	0.525	303.75	0.2209	0.0471	0.0471
1.95	1.8	6	0.525	311.25	0.226	0.0547	0.0415
1.95	1.8	6	0.525	318.75	0.1832	0.0419	0.0232
1.95	1.8	6	0.525	326.25	0.1825	0.0565	0.0367
1.95	1.8	6	0.575	26.25	0.1092	0.0286	0.0205
1.95	1.8	6	0.575	33.75	0.1272	0.0273	0.0208
1.95	1.8	6	0.575	41.25	0.1188	0.023	0.0119
1.95	1.8	6	0.575	48.75	0.2167	0.0455	0.0312
1.95	1.8	6	0.575	56.25	0.2486	0.054	0.0328
1.95	1.8	6	0.575	63.75	0.3175	0.0639	0.0478
1.95	1.8	6	0.575	71.25	0.3553	0.0656	0.0568
1.95	1.8	6	0.575	78.75	0.5285	0.1059	0.0448
1.95	1.8	6	0.575	86.25	0.4985	0.0985	0.0629
1.95	1.8	6	0.575	93.75	0.4849	0.1198	0.0532
1.95	1.8	6	0.575	101.25	0.5145	0.1237	0.0864
1.95	1.8	6	0.575	108.75	0.5986	0.1686	0.0738
1.95	1.8	6	0.575	116.25	0.5951	0.1535	0.0589
1.95	1.8	6	0.575	123.75	0.5066	0.148	0.1605
1.95	1.8	6	0.575	131.25	0.5961	0.1764	0.1493
1.95	1.8	6	0.575	138.75	0.5053	0.1604	0.0062
1.95	1.8	6	0.575	146.25	0.6375	0.1905	0.1028
1.95	1.8	6	0.575	153.75	0.4302	0.1093	0.0718
1.95	1.8	6	0.575	161.25	0.4281	0.0986	0.0522
1.95	1.8	6	0.575	168.75	0.4382	0.096	0.0406
1.95	1.8	6	0.575	176.25	0.4161	0.0886	0.0387
1.95	1.8	6	0.575	183.75	0.6036	0.1635	0.075
1.95	1.8	6	0.575	191.25	0.6469	0.16	0.1379
1.95	1.8	6	0.575	198.75	0.6166	0.1321	0.0892
1.95	1.8	6	0.575	206.25	0.7803	0.2204	0.1175
1.95	1.8	6	0.575	213.75	0.2451	0.065	0.0626
1.95	1.8	6	0.575	221.25	0.4454	0.1517	0.0704
1.95	1.8	6	0.575	228.75	0.6354	0.2326	0.1003
1.95	1.8	6	0.575	236.25	0.5166	0.1967	0.1478
1.95	1.8	6	0.575	243.75	0.4671	0.1552	0.0025
1.95	1.8	6	0.575	251.25	0.4373	0.1442	0.0319
1.95	1.8	6	0.575	258.75	0.5479	0.2018	0.0343
1.95	1.8	6	0.575	266.25	0.6746	0.2285	0.0346
1.95	1.8	6	0.575	273.75	0.9084	0.2772	0.0201
1.95	1.8	6	0.575	281.25	1.0359	0.2704	0.1426
1.95	1.8	6	0.575	288.75	0.5462	0.1264	0.1577
1.95	1.8	6	0.575	296.25	0.5713	0.1109	0.0543
1.95	1.8	6	0.575	303.75	0.3398	0.0765	0.0316
1.95	1.8	6	0.575	311.25	0.285	0.0592	0.0442
1.95	1.8	6	0.575	318.75	0.176	0.0364	0.0147
1.95	1.8	6	0.575	326.25	0.1626	0.0345	0.0404
1.95	1.8	6	0.575	333.75	0.1609	0.0522	0.054
1.95	1.8	6	0.625	26.25	0.1213	0.0321	0.0171
1.95	1.8	6	0.625	33.75	0.1312	0.0268	0.0104
1.95	1.8	6	0.625	41.25	0.1376	0.0265	0.0135
1.95	1.8	6	0.625	48.75	0.2079	0.0375	0.0148
1.95	1.8	6	0.625	56.25	0.2599	0.0522	0.0297
1.95	1.8	6	0.625	63.75	0.4415	0.089	0.0773
1.95	1.8	6	0.625	71.25	0.4022	0.0776	0.0287
1.95	1.8	6	0.625	78.75	0.4014	0.0796	0.0321
1.95	1.8	6	0.625	86.25	0.3968	0.0804	0.0429
1.95	1.8	6	0.625	93.75	0.384	0.0917	0.0313
1.95	1.8	6	0.625	101.25	0.4147	0.0923	0.0597
1.95	1.8	6	0.625	108.75	0.5248	0.1503	0.1108
1.95	1.8	6	0.625	116.25	0.5936	0.1516	0.0764
1.95	1.8	6	0.625	123.75	0.5545	0.1523	0.0873
1.95	1.8	6	0.625	131.25	0.6154	0.1866	0.0526
1.95	1.8	6	0.625	138.75	0.5911	0.1764	0.0881
1.95	1.8	6	0.625	146.25	0.6147	0.1735	0.1576
1.95	1.8	6	0.625	153.75	0.7077	0.2	0.1
1.95	1.8	6	0.625	161.25	0.7927	0.2043	0.0993
1.95	1.8	6	0.625	168.75	0.7409	0.1845	0.1017
1.95	1.8	6	0.625	176.25	0.545	0.129	0.0408
1.95	1.8	6	0.625	183.75	0.4833	0.1059	0.1023
1.95	1.8	6	0.625	191.25	0.6874	0.1738	0.0908
1.95	1.8	6	0.625	198.75	0.618	0.1493	0.0779
1.95	1.8	6	0.625	206.25	0.6817	0.2128	0.1339
1.95	1.8	6	0.625	213.75	0.6506	0.1828	0.0609
1.95	1.8	6	0.625	221.25	0.5199	0.1515	0.033
1.95	1.8	6	0.625	228.75	0.6792	0.2122	0.2051
1.95	1.8	6	0.625	236.25	0.6284	0.1725	0.0919
1.95	1.8	6	0.625	243.75	0.6589	0.2089	0.1647
1.95	1.8	6	0.625	251.25	0.5404	0.1518	0.0742
1.95	1.8	6	0.625	258.75	0.6103	0.1907	0.1529
1.95	1.8	6	0.625	266.25	0.6939	0.2167	0.0498
1.95	1.8	6	0.625	273.75	0.9266	0.2428	0.1102
1.95	1.8	6	0.625	281.25	0.811	0.1778	0.0963
1.95	1.8	6	0.625	288.75	0.5353	0.1195	0.0434
1.95	1.8	6	0.625	296.25	0.4736	0.1045	0.0693
1.95	1.8	6	0.625	303.75	0.2974	0.062	0.0374
1.95	1.8	6	0.625	311.25	0.247	0.0548	0.0461
1.95	1.8	6	0.625	318.75	0.2122	0.0445	0.0299
1.95	1.8	6	0.625	326.25	0.2135	0.0452	0.0447
1.95	1.8	6	0.625	333.75	0.134	0.0402	0.0201
1.95	1.8	6	0.675	18.75	0.1634	0.0884	0.1307
1.95	1.8	6	0.675	26.25	0.2139	0.0464	0.0296
1.95	1.8	6	0.675	33.75	0.1209	0.0294	0.0083
1.95	1.8	6	0.675	41.25	0.1268	0.0251	0.0155
1.95	1.8	6	0.675	48.75	0.2025	0.0379	0.0317
1.95	1.8	6	0.675	56.25	0.2379	0.0424	0.0376
1.95	1.8	6	0.675	63.75	0.3329	0.0697	0.0432
1.95	1.8	6	0.675	71.25	0.3021	0.0626	0.0701
1.95	1.8	6	0.675	78.75	0.53	0.1024	0.0784
1.95	1.8	6	0.675	86.25	0.3787	0.0855	0.0561
1.95	1.8	6	0.675	93.75	0.5718	0.1298	0.0626
1.95	1.8	6	0.675	101.25	0.51	0.1145	0.1106
1.95	1.8	6	0.675	108.75	0.5964	0.1379	0.0771
1.95	1.8	6	0.675	116.25	0.596	0.161	0.0947
1.95	1.8	6	0.675	123.75	0.6718	0.1779	0.1635
1.95	1.8	6	0.675	131.25	0.9346	0.2895	0.0998
1.95	1.8	6	0.675	138.75	0.9839	0.3415	0.2483
1.95	1.8	6	0.675	146.25	0.7315	0.1921	0.1166
1.95	1.8	6	0.675	153.75	0.8611	0.2595	0.1615
1.95	1.8	6	0.675	161.25	0.6826	0.1632	0.0831
1.95	1.8	6	0.675	168.75	0.6753	0.166	0.0947
1.95	1.8	6	0.675	176.25	0.8887	0.2348	0.1648
1.95	1.8	6	0.675	183.75	0.8651	0.2362	0.2039
1.95	1.8	6	0.675	191.25	0.7734	0.2389	0.1719
1.95	1.8	6	0.675	198.75	0.8861	0.2435	0.1637
1.95	1.8	6	0.675	206.25	0.8402	0.2243	0.1152
1.95	1.8	6	0.675	213.75	0.8721	0.2962	0.2163
1.95	1.8	6	0.675	221.25	1.0196	0.3497	0.1706
1.95	1.8	6	0.675	228.75	0.6459	0.1884	0.1162
1.95	1.8	6	0.675	236.25	0.6902	0.2118	0.0821
1.95	1.8	6	0.675	243.75	0.6602	0.1962	0.1327
1.95	1.8	6	0.675	251.25	0.3628	0.1264	0.1495
1.95	1.8	6	0.675	258.75	0.5517	0.163	0.1469
1.95	1.8	6	0.675	266.25	0.7192	0.2384	0.0994
1.95	1.8	6	0.675	273.75	0.5974	0.1544	0.0792
1.95	1.8	6	0.675	281.25	0.5162	0.1176	0.0295
1.95	1.8	6	0.675	288.75	0.3983	0.0898	0.0632
1.95	1.8	6	0.675	296.25	0.3733	0.0788	0.0462
1.95	1.8	6	0.675	303.75	0.2621	0.0565	0.0371
1.95	1.8	6	0.675	311.25	0.2373	0.0487	0.028
1.95	1.8	6	0.675	318.75	0.1597	0.0341	0.0223
1.95	1.8	6	0.675	326.25	0.1711	0.0405	0.0321
1.95	1.8	6	0.675	333.75	0.1332	0.0378	0.0252
1.95	1.8	6	0.725	18.75	0.1105	0.0714	0.0277
1.95	1.8	6	0.725	26.25	0.1194	0.0334	0.0284
1.95	1.8	6	0.725	33.75	0.2305	0.0524	0.0268
1.95	1.8	6	0.725	41.25	0.2434	0.0487	0.027
1.95	1.8	6	0.725	48.75	0.1789	0.0342	0.0164
1.95	1.8	6	0.725	56.25	0.1588	0.029	0.0192
1.95	1.8	6	0.725	63.75	0.3487	0.0725	0.0447
1.95	1.8	6	0.725	71.25	0.3638	0.0936	0.0326
1.95	1.8	6	0.725	78.75	0.506	0.1176	0.07
1.95	1.8	6	0.725	86.25	0.5056	0.1127	0.0571
1.95	1.8	6	0.725	93.75	0.5265	0.1268	0.0419
1.95	1.8	6	0.725	101.25	0.6598	0.1558	0.074
1.95	1.8	6	0.725	108.75	0.5972	0.1323	0.1257
1.95	1.8	6	0.725	116.25	0.6883	0.1477	0.1233
1.95	1.8	6	0.725	123.75	0.6232	0.1547	0.1046
1.95	1.8	6	0.725	131.25	0.5825	0.1594	0.1017
1.95	1.8	6	0.725	138.75	0.6632	0.1651	0.0707
1.95	1.8	6	0.725	146.25	0.6474	0.1642	0.1428
1.95	1.8	6	0.725	153.75	0.6792	0.1739	0.0712
1.95	1.8	6	0.725	161.25	0.8057	0.2159	0.1384
1.95	1.8	6	0.725	168.75	0.9444	0.2653	0.1621
1.95	1.8	6	0.725	176.25	1.6854	0.6141	0.1435
1.95	1.8	6	0.725	183.75	0.8615	0.2456	0.1606
1.95	1.8	6	0.725	191.25	1.0775	0.3651	0.1291
1.95	1.8	6	0.725	198.75	0.8983	0.2502	0.0913
1.95	1.8	6	0.725	206.25	0.9319	0.2904	0.1216
1.95	1.8	6	0.725	213.75	0.7131	0.1751	0.0845
1.95	1.8	6	0.725	221.25	0.7098	0.1952	0.1337
1.95	1.8	6	0.725	228.75	0.7178	0.2476	0.1435
1.95	1.8	6	0.725	236.25	0.4652	0.1115	0.0744
1.95	1.8	6	0.725	243.75	0.4574	0.1072	0.0751
1.95	1.8	6	0.725	251.25	0.4861	0.1239	0.0235
1.95	1.8	6	0.725	258.75	0.5049	0.1345	0.0966
1.95	1.8	6	0.725	266.25	0.4634	0.1177	0.0853
1.95	1.8	6	0.725	273.75	0.6555	0.1794	0.1494
1.95	1.8	6	0.725	281.25	0.9686	0.2794	0.1478
1.95	1.8	6	0.725	288.75	0.313	0.0732	0.0424
1.95	1.8	6	0.725	296.25	0.2589	0.0604	0.0545
1.95	1.8	6	0.725	303.75	0.2669	0.0578	0.0409
1.95	1.8	6	0.725	311.25	0.2439	0.0532	0.0529
1.95	1.8	6	0.725	318.75	0.1916	0.0453	0.0288
1.95	1.8	6	0.725	326.25	0.1724	0.0474	0.0121
1.95	1.8	6	0.725	333.75	0.2024	0.0789	0.0284
1.95	1.8	6	0.775	3.75	0.1787	0.0518	0.0275
1.95	1.8	6	0.775	11.25	0.1232	0.0492	0.0155
1.95	1.8	6	0.775	33.75	0.2582	0.0761	0.0516
1.95	1.8	6	0.775	41.25	0.2377	0.057	0.0283
1.95	1.8	6	0.775	48.75	0.2171	0.0475	0.0373
1.95	1.8	6	0.775	56.25	0.2321	0.0477	0.0242
1.95	1.8	6	0.775	63.75	0.3625	0.0732	0.0622
1.95	1.8	6	0.775	71.25	0.3855	0.09	0.0638
1.95	1.8	6	0.775	78.75	0.4488	0.0932	0.0419
1.95	1.8	6	0.775	86.25	0.4281	0.0925	0.0524
1.95	1.8	6	0.775	93.75	0.6438	0.1392	0.1161
1.95	1.8	6	0.775	101.25	0.577	0.1243	0.0775
1.95	1.8	6	0.775	108.75	0.5777	0.1136	0.0914
1.95	1.8	6	0.775	116.25	0.5675	0.1303	0.0842
1.95	1.8	6	0.775	123.75	0.4717	0.1111	0.0857
1.95	1.8	6	0.775	131.25	0.4431	0.1084	0.0794
1.95	1.8	6	0.775	138.75	0.6462	0.1751	0.1194
1.95	1.8	6	0.775	146.25	0.7092	0.1562	0.0827
1.95	1.8	6	0.775	153.75	0.8039	0.2011	0.093
1.95	1.8	6	0.775	161.25	0.8956	0.214	0.1641
1.95	1.8	6	0.775	168.75	0.8025	0.2034	0.1565
1.95	1.8	6	0.775	176.25	0.9793	0.2722	0.1648
1.95	1.8	6	0.775	183.75	0.7872	0.2152	0.1532
1.95	1.8	6	0.775	191.25	0.7173	0.1826	0.0987
1.95	1.8	6	0.775	198.75	0.8219	0.1802	0.0898
1.95	1.8	6	0.775	206.25	0.7287	0.1506	0.1298
1.95	1.8	6	0.775	213.75	0.8015	0.1939	0.1219
1.95	1.8	6	0.775	221.25	0.6862	0.1709	0.1179
1.95	1.8	6	0.775	228.75	0.5442	0.123	0.0793
1.95	1.8	6	0.775	236.25	0.5097	0.1157	0.0541
1.95	1.8	6	0.775	243.75	0.5098	0.1106	0.0455
1.95	1.8	6	0.775	251.25	0.5141	0.1253	0.0281
1.95	1.8	6	0.775	258.75	0.5513	0.1302	0.0737
1.95	1.8	6	0.775	266.25	0.4629	0.1162	0.039
1.95	1.8	6	0.775	273.75	0.7192	0.1701	0.2587
1.95	1.8	6	0.775	281.25	0.6173	0.1592	0.2546
1.95	1.8	6	0.775	288.75	0.2385	0.0568	0.0484
1.95	1.8	6	0.775	296.25	0.1776	0.0417	0.0166
1.95	1.8	6	0.775	303.75	0.258	0.0589	0.042
1.95	1.8	6	0.775	311.25	0.2625	0.0661	0.0269
1.95	1.8	6	0.775	318.75	0.1757	0.0478	0.0196
1.95	1.8	6	0.775	326.25	0.1333	0.0437	0.0115
1.95	1.8	6	0.775	333.75	0.3821	0.1998	0.1283
1.95	1.8	6	0.775	341.25	0.1666	0.1004	0.0209
1.95	1.8	6	0.775	348.75	0.3084	0.0898	0.0763
1.95	1.8	6	0.775	356.25	0.3108	0.0804	0.0465
1.95	1.8	6	0.825	3.75	0.2936	0.0516	0.0409
1.95	1.8	6	0.825	11.25	0.2871	0.0554	0.0432
1.95	1.8	6	0.825	18.75	0.2973	0.0753	0.0473
1.95	1.8	6	0.825	26.25	0.2766	0.0852	0.0909
1.95	1.8	6	0.825	48.75	0.1323	0.0304	0.0215
1.95	1.8	6	0.825	56.25	0.1595	0.0346	0.0307
1.95	1.8	6	0.825	63.75	0.1608	0.036	0.0223
1.95	1.8	6	0.825	71.25	0.156	0.0408	0.0263
1.95	1.8	6	0.825	78.75	0.5997	0.1443	0.1015
1.95	1.8	6	0.825	86.25	0.3571	0.0744	0.0719
1.95	1.8	6	0.825	93.75	0.5357	0.1108	0.0643
1.95	1.8	6	0.825	101.25	0.5828	0.1196	0.0849
1.95	1.8	6	0.825	108.75	0.5512	0.0995	0.059
1.95	1.8	6	0.825	116.25	0.5408	0.0965	0.0594
1.95	1.8	6	0.825	123.75	0.5129	0.0901	0.0869
1.95	1.8	6	0.825	131.25	0.5828	0.121	0.0586
1.95	1.8	6	0.825	138.75	0.5849	0.1139	0.0539
1.95	1.8	6	0.825	146.25	0.6869	0.1347	0.1071
1.95	1.8	6	0.825	153.75	0.7668	0.1558	0.0795
1.95	1.8	6	0.825	161.25	0.8804	0.1972	0.0991
1.95	1.8	6	0.825	168.75	0.7602	0.1706	0.1129
1.95	1.8	6	0.825	176.25	1.0555	0.2801	0.136
1.95	1.8	6	0.825	183.75	0.7608	0.1683	0.1597
1.95	1.8	6	0.825	191.25	0.6471	0.1318	0.0839
1.95	1.8	6	0.825	198.75	0.8929	0.1986	0.1111
1.95	1.8	6	0.825	206.25	0.7028	0.1454	0.0854
1.95	1.8	6	0.825	213.75	0.5369	0.1237	0.0517
1.95	1.8	6	0.825	221.25	0.597	0.1167	0.1025
1.95	1.8	6	0.825	228.75	0.651	0.1348	0.0722
1.95	1.8	6	0.825	236.25	0.5808	0.1217	0.0746
1.95	1.8	6	0.825	243.75	0.4353	0.0821	0.0684
1.95	1.8	6	0.825	251.25	0.3916	0.0822	0.0719
1.95	1.8	6	0.825	258.75	0.2338	0.0517	0.0293
1.95	1.8	6	0.825	266.25	0.2071	0.0472	0.0223
1.95	1.8	6	0.825	273.75	0.3941	0.1039	0.064
1.95	1.8	6	0.825	281.25	0.4247	0.1053	0.0834
1.95	1.8	6	0.825	288.75	0.4416	0.1022	0.0804
1.95	1.8	6	0.825	296.25	0.2317	0.0541	0.0353
1.95	1.8	6	0.825	303.75	0.2156	0.0529	0.0231
1.95	1.8	6	0.825	311.25	0.1869	0.0535	0.0305
1.95	1.8	6	0.825	318.75	0.1897	0.0554	0.0238
1.95	1.8	6	0.825	326.25	0.2633	0.0807	0.0369
1.95	1.8	6	0.825	333.75	0.2019	0.0618	0.0379
1.95	1.8	6	0.825	341.25	0.193	0.0506	0.0256
1.95	1.8	6	0.825	348.75	0.3525	0.0717	0.0444
1.95	1.8	6	0.825	356.25	0.3482	0.0659	0.0506
1.95	1.8	6	0.875	3.75	0.2614	0.0356	0.0444
1.95	1.8	6	0.875	11.25	0.2756	0.0422	0.034
1.95	1.8	6	0.875	18.75	0.3227	0.0566	0.0489
1.95	1.8	6	0.875	26.25	0.3281	0.0577	0.0446
1.95	1.8	6	0.875	33.75	0.3322	0.071	0.0446
1.95	1.8	6	0.875	41.25	0.343	0.0758	0.0459
1.95	1.8	6	0.875	48.75	0.2043	0.0444	0.0352
1.95	1.8	6	0.875	56.25	0.164	0.0356	0.023
1.95	1.8	6	0.875	63.75	0.1962	0.0352	0.0326
1.95	1.8	6	0.875	71.25	0.2332	0.0477	0.0242
1.95	1.8	6	0.875	78.75	0.3801	0.0873	0.0124
1.95	1.8	6	0.875	86.25	0.4595	0.0844	0.0668
1.95	1.8	6	0.875	93.75	0.6066	0.1053	0.1102
1.95	1.8	6	0.875	101.25	0.6133	0.1022	0.0871
1.95	1.8	6	0.875	108.75	0.3522	0.0552	0.0327
1.95	1.8	6	0.875	116.25	0.354	0.0598	0.0435
1.95	1.8	6	0.875	123.75	0.4712	0.0785	0.097
1.95	1.8	6	0.875	131.25	0.52	0.0826	0.0717
1.95	1.8	6	0.875	138.75	0.5014	0.0816	0.074
1.95	1.8	6	0.875	146.25	0.5214	0.0884	0.0713
1.95	1.8	6	0.875	153.75	0.7556	0.1302	0.1036
1.95	1.8	6	0.875	161.25	0.6803	0.1174	0.0941
1.95	1.8	6	0.875	168.75	0.7239	0.1415	0.0969
1.95	1.8	6	0.875	176.25	0.6242	0.1109	0.0614
1.95	1.8	6	0.875	183.75	0.7344	0.1462	0.1004
1.95	1.8	6	0.875	191.25	0.6206	0.1193	0.0636
1.95	1.8	6	0.875	198.75	0.5697	0.0987	0.0735
1.95	1.8	6	0.875	206.25	0.5976	0.0976	0.0889
1.95	1.8	6	0.875	213.75	0.57	0.0938	0.0703
1.95	1.8	6	0.875	221.25	0.5521	0.0853	0.0669
1.95	1.8	6	0.875	228.75	0.604	0.1033	0.1297
1.95	1.8	6	0.875	236.25	0.5179	0.0853	0.0751
1.95	1.8	6	0.875	243.75	0.3396	0.0558	0.0443
1.95	1.8	6	0.875	251.25	0.3164	0.0503	0.0398
1.95	1.8	6	0.875	258.75	0.2899	0.0494	0.0481
1.95	1.8	6	0.875	266.25	0.33	0.06	0.0401
1.95	1.8	6	0.875	273.75	0.5171	0.1132	0.0799
1.95	1.8	6	0.875	281.25	0.4807	0.1138	0.0479
1.95	1.8	6	0.875	288.75	0.3645	0.0754	0.0255
1.95	1.8	6	0.875	296.25	0.2847	0.0665	0.0268
1.95	1.8	6	0.875	303.75	0.2511	0.0517	0.0437
1.95	1.8	6	0.875	311.25	0.245	0.0486	0.0289
1.95	1.8	6	0.875	318.75	0.2995	0.0636	0.0538
1.95	1.8	6	0.875	326.25	0.3057	0.0607	0.026
1.95	1.8	6	0.875	333.75	0.2562	0.0451	0.0355
1.95	1.8	6	0.875	341.25	0.2973	0.0494	0.0352
1.95	1.8	6	0.875	348.75	0.3418	0.0544	0.0497
1.95	1.8	6	0.875	356.25	0.3725	0.0529	0.0565
1.95	1.8	6	0.925	3.75	0.4522	0.0522	0.0524
1.95	1.8	6	0.925	11.25	0.4775	0.0555	0.0611
1.95	1.8	6	0.925	18.75	0.4356	0.0534	0.0885
1.95	1.8	6	0.925	26.25	0.3761	0.048	0.0337
1.95	1.8	6	0.925	33.75	0.4031	0.0518	0.063
1.95	1.8	6	0.925	41.25	0.5113	0.0733	0.0589
1.95	1.8	6	0.925	48.75	0.4369	0.0623	0.0732
1.95	1.8	6	0.925	56.25	0.4259	0.0605	0.0535
1.95	1.8	6	0.925	63.75	0.5097	0.0712	0.0857
1.95	1.8	6	0.925	71.25	0.5425	0.0828	0.0659
1.95	1.8	6	0.925	78.75	0.5434	0.0881	0.0433
1.95	1.8	6	0.925	86.25	0.537	0.0867	0.0732
1.95	1.8	6	0.925	93.75	0.7911	0.1108	0.1038
1.95	1.8	6	0.925	101.25	0.7501	0.0958	0.0794
1.95	1.8	6	0.925	108.75	1.009	0.1332	0.1484
1.95	1.8	6	0.925	116.25	0.712	0.0967	0.1038
1.95	1.8	6	0.925	123.75	0.7281	0.0942	0.082
1.95	1.8	6	0.925	131.25	0.6839	0.0841	0.0962
1.95	1.8	6	0.925	138.75	1.0749	0.134	0.143
1.95	1.8	6	0.925	146.25	0.8202	0.1026	0.1089
1.95	1.8	6	0.925	153.75	0.6283	0.0815	0.0856
1.95	1.8	6	0.925	161.25	0.5982	0.0768	0.0663
1.95	1.8	6	0.925	168.75	0.8207	0.117	0.1032
1.95	1.8	6	0.925	176.25	0.7304	0.0984	0.0956
1.95	1.8	6	0.925	183.75	0.5889	0.0761	0.0879
1.95	1.8	6	0.925	191.25	0.7166	0.0913	0.0668
1.95	1.8	6	0.925	198.75	0.823	0.1007	0.0944
1.95	1.8	6	0.925	206.25	0.8189	0.1058	0.1137
1.95	1.8	6	0.925	213.75	0.6635	0.088	0.0899
1.95	1.8	6	0.925	221.25	0.6221	0.0766	0.0707
1.95	1.8	6	0.925	228.75	0.7177	0.0923	0.0782
1.95	1.8	6	0.925	236.25	0.6344	0.0825	0.0782
1.95	1.8	6	0.925	243.75	0.8437	0.1114	0.1333
1.95	1.8	6	0.925	251.25	0.9173	0.1169	0.1516
1.95	1.8	6	0.925	258.75	0.6788	0.09	0.1068
1.95	1.8	6	0.925	266.25	0.7587	0.1073	0.1081
1.95	1.8	6	0.925	273.75	0.4905	0.0791	0.0946
1.95	1.8	6	0.925	281.25	0.5633	0.0828	0.0663
1.95	1.8	6	0.925	288.75	0.6846	0.1062	0.0616
1.95	1.8	6	0.925	296.25	0.4895	0.0703	0.0472
1.95	1.8	6	0.925	303.75	0.4835	0.0677	0.0674
1.95	1.8	6	0.925	311.25	0.4582	0.0696	0.0566
1.95	1.8	6	0.925	318.75	0.5724	0.0788	0.0646
1.95	1.8	6	0.925	326.25	0.4846	0.063	0.0705
1.95	1.8	6	0.925	333.75	0.4056	0.0509	0.0414
1.95	1.8	6	0.925	341.25	0.2809	0.0352	0.0459
1.95	1.8	6	0.925	348.75	0.4503	0.0509	0.0652
1.95	1.8	6	0.925	356.25	0.4028	0.0458	0.0629
1.95	1.8	6	0.975	3.75	0.8161	0.0779	0.0966
1.95	1.8	6	0.975	11.25	0.9026	0.0825	0.1125
1.95	1.8	6	0.975	18.75	0.7249	0.0696	0.0986
1.95	1.8	6	0.975	26.25	0.8082	0.0818	0.1055
1.95	1.8	6	0.975	33.75	0.85	0.0793	0.1043
1.95	1.8	6	0.975	41.25	1.0306	0.1032	0.1723
1.95	1.8	6	0.975	48.75	0.8619	0.0908	0.1117
1.95	1.8	6	0.975	56.25	0.7976	0.0826	0.1115
1.95	1.8	6	0.975	63.75	0.8001	0.0856	0.1133
1.95	1.8	6	0.975	71.25	0.9295	0.1004	0.1094
1.95	1.8	6	0.975	78.75	0.6855	0.0782	0.1395
1.95	1.8	6	0.975	86.25	0.8339	0.0934	0.1486
1.95	1.8	6	0.975	93.75	0.8251	0.0936	0.0884
1.95	1.8	6	0.975	101.25	0.9229	0.0974	0.1212
1.95	1.8	6	0.975	108.75	0.9117	0.0952	0.1841
1.95	1.8	6	0.975	116.25	1.0054	0.105	0.2121
1.95	1.8	6	0.975	123.75	0.8526	0.086	0.1083
1.95	1.8	6	0.975	131.25	0.7562	0.0748	0.1011
1.95	1.8	6	0.975	138.75	0.9353	0.0926	0.154
1.95	1.8	6	0.975	146.25	0.9333	0.0926	0.139
1.95	1.8	6	0.975	153.75	1.0227	0.1063	0.1999
1.95	1.8	6	0.975	161.25	1.0794	0.1072	0.1424
1.95	1.8	6	0.975	168.75	0.8944	0.09	0.0969
1.95	1.8	6	0.975	176.25	0.771	0.0805	0.0967
1.95	1.8	6	0.975	183.75	0.9583	0.098	0.1677
1.95	1.8	6	0.975	191.25	1.0127	0.1049	0.1316
1.95	1.8	6	0.975	198.75	0.9302	0.096	0.1158
1.95	1.8	6	0.975	206.25	0.7964	0.083	0.1217
1.95	1.8	6	0.975	213.75	0.9641	0.0968	0.1483
1.95	1.8	6	0.975	221.25	0.9364	0.0972	0.1858
1.95	1.8	6	0.975	228.75	0.9284	0.095	0.1054
1.95	1.8	6	0.975	236.25	0.8806	0.0936	0.1637
1.95	1.8	6	0.975	243.75	0.8169	0.0842	0.1126
1.95	1.8	6	0.975	251.25	1.0063	0.1038	0.1536
1.95	1.8	6	0.975	258.75	0.7902	0.0854	0.1162
1.95	1.8	6	0.975	266.25	1.0791	0.1203	0.1485
1.95	1.8	6	0.975	273.75	0.8643	0.1008	0.1504
1.95	1.8	6	0.975	281.25	0.9708	0.112	0.1433
1.95	1.8	6	0.975	288.75	0.8036	0.0863	0.1097
1.95	1.8	6	0.975	296.25	0.8875	0.0913	0.1327
1.95	1.8	6	0.975	303.75	0.8416	0.0866	0.1183
1.95	1.8	6	0.975	311.25	0.7644	0.0798	0.0996
1.95	1.8	6	0.975	318.75	0.9975	0.1012	0.14
1.95	1.8	6	0.975	326.25	0.7597	0.0742	0.0999
1.95	1.8	6	0.975	333.75	0.7869	0.0744	0.0987
1.95	1.8	6	0.975	341.25	0.878	0.0864	0.1005
1.95	1.8	6	0.975	348.75	0.8659	0.0811	0.1981
1.95	1.8	6	0.975	356.25	0.8746	0.0826	0.1172
