22745
22751
22752
22753
22758
22759
22760
22761
22762
22763
22764
22765
22766
22767
22768
22769
22770
22771
22772
22773
22774
22779
22780
22781
22782
22784
22785
22786
22787
22788
22868
22870
22880
22881
22882
22928
22929
22930
22966
22967
22968
22969
22970
22972
22973
22974
22975
22976
23048
23049
23050
23053
23179
23180
23181
23254
23255
23317
23331
23332
23334
23335
23336
23337
23338
23339
23340
23341
23342
23343
23344
23345
23346
23347
23348
23349
23350
23351
23352
23353
23354
23358
23360
23361
23362
23363
23364
23365
23368
23369
23370
23371
23372
23373
23374
23375
23376
23377
23378
23379
23380
23381
23382
23382
23385
23386
23387
23390
23426
23428
23429
23430
23431
23432
23433
23468
23469
23490
23491
23492
23493
23494
23543
23544
23545
23546
23580
23581
23582
23612
23613
23614
23616
23617
23618
23620
23621
23636
23637
23638
23639
23640
23641
23642
23643
23644
23650
23651
23652
23653
23654
23655
23656
23657
23658
23659
23660
23667
23673
23675
23676
23676
23677
23679
23695
23696
23697
23752
23753
23754
23755
23756
23757
23758
23759
23760
23789
23790
23791
23792
23794
23795
23796
23798
23799
23800
23857
23858
23859
23860
23861
23883
23952
23953
23954
23955
23956
23957
23958
23959
23960
23961
23962
23965
23966
23967
23968
