22828
22829
22830
22832
22836
22837
22838
22839
22840
22841
22842
22843
22844
22845
22847
22848
22851
22853
22855
22861
22880
22881
22882
22884
22886
22889
22890
22891
22892
22893
22894
22895
22898
22899
22900
22902
22904
22905
22906
22907
22908
22909
22910
22911
22912
22920
22921
22923
22926
22928
22929
22930
22931
22932
22933
22934
22937
22938
22939
22940
22941
22942
22943
22944
22945
22950
22953
22954
22955
22956
22957
22989
22991
22992
22999
23000
23001
23003
23004
23006
23007
23009
23010
23012
23013
23015
23017
23020
23023
23025
23030
23031
23033
23034
23035
23037
23038
23039
23040
23041
23042
23043
23046
23047
23048
23049
23050
23053
23054
23056
23059
23062
23063
23064
23065
23066
23067
23068
23069
23070
23071
23072
23082
23083
23085
23086
23087
23088
23089
23090
23091
23092
23093
23094
23096
23097
23098
23099
23100
23101
23102
23105
23106
23107
23108
23110
23111
23112
23113
23114
23115
23116
23117
23118
23119
23121
23122
23124
23125
23126
23127
23128
23130
23132
23133
23134
23135
23136
23137
23138
23139
23140
23141
23142
23143
23144
23145
23146
23147
23148
23150
23152
23154
23155
23159
23160
23162
23163
23164
23165
23166
23167
23168
23169
23170
23172
23173
23176
23178
23179
23180
23181
23184
23185
23187
23188
23189
23190
23191
23192
23193
23194
23195
23197
23203
23206
23207
23208
23209
23211
23212
23214
23215
23216
23217
23218
23219
23220
23221
23223
23224
23225
23228
23229
23231
23234
23236
23238
23239
23240
23241
23242
23243
23245
23246
23247
23248
23249
23251
23252
23253
23254
23255
23257
23259
23260
23261
23262
23263
23264
23265
23266
23267
23268
23269
23270
23271
23272
23274
23275
23276
23280
23281
23282
23283
23284
23285
23286
23287
23288
23289
23290
23291
23292
23294
23295
23296
23299
23300
23301
23302
23303
23304
23305
23306
23307
23308
23309
23310
23311
23314
23315
23316
23317
23318
23319
23320
23321
23322
23323
23324
23325
23326
23327
23328
23329
23385
23386
23387
23390
23391
23392
23393
23394
23395
23396
23397
23398
23400
23401
23402
23403
23404
23405
23406
23407
23408
23409
23410
23411
23412
23414
23415
23416
23417
23418
23419
23422
23423
23424
23425
23428
23429
23430
23431
23432
23433
23434
23435
23436
23437
23440
23441
23442
23443
23444
23445
23446
23447
23448
23449
23450
23451
23452
23453
23454
23455
23456
23457
23458
23459
23460
23461
23462
23463
23467
23468
23469
23470
23471
23472
23473
23474
23475
23476
23477
23478
23480
23481
23482
23483
23484
23485
23486
23487
23488
23489
23490
23491
23492
23493
23494
23495
23496
23497
23498
23499
23500
23501
